1
100000 55
0 1 100000 1
0 1 100000 1
0 1 100000 1
0 1 100000 1
0 1 100000 1
0 1 100000 1
0 1 100000 1
0 1 100000 1
0 1 100000 1
0 1 100000 1
0 1 100000 1
0 1 100000 1
0 1 100000 1
0 1 100000 1
0 1 100000 1
0 1 100000 1
0 1 100000 1
0 1 100000 1
0 1 100000 1
0 1 100000 1
0 1 100000 1
0 1 100000 1
0 1 100000 1
0 1 100000 1
0 1 100000 1
0 1 100000 1
0 1 100000 1
0 1 100000 1
0 1 100000 1
0 1 100000 1
0 1 100000 1
0 1 100000 1
0 1 100000 1
0 1 100000 1
0 1 100000 1
0 1 100000 1
0 1 100000 1
0 1 100000 1
0 1 100000 1
0 1 100000 1
0 1 100000 1
0 1 100000 1
0 1 100000 1
0 1 100000 1
0 1 100000 1
0 1 100000 1
0 1 100000 1
0 1 100000 1
0 1 100000 1
0 1 100000 1
0 1 100000 1
0 1 100000 1
0 1 100000 1
0 1 100000 1
1 1 100000
